139
21
15
8
11
11
12
35
276
91
72
143
57
94
160
268
15
5
293
21
15
85
33 - Bill Murray
32
15
72
57
31
10
110
10
35
42
76
48
57
19
123
81
15
140
43
214
183
15
27
57
5
10
104
10
7
205
7
19
151
72
10
100
15
25
56
7
63
10
56
17
14
15
51
8
10
132
32
19
83
65
26
15
152
69
99
48
95
52
98 - Obi Wan Kenobi
43
275
80
15
99
84
43
10
72
176
13
5
193
46
66
33 - Bill Murray
10
43
1
11
15
146
15
66
7
250
7
46
15
17
56
177
8
8
8
194
15
33 - Bill Murray
7
10
11
3
52
23
0
10
21
101
10
19
15
247 - Mugatu
90
227
57
47
11
5
10
6
30
102
15
240
3
73
299
189
97
192
15
223
56
115
10
290
66
55
99
10
23
72
23
66
23
10
250
57
14
214
117 - Forrest Gump
140
10
15
23
5
10
5
7
7
111
7
153
31
10
73
54
19
23
23
5
42
10
35
30
43
31
7
22
43
30
26
40
23
10
57
7
10
79 - Kermit the Frog
5
105
144
15
26
0
107 - Dave Chappelle
22
15
85
189
140
83
10
3
1
7
43
161
56
10
59
8
213
7
15
130
188 - Louie CK
95
35
60
3
10
7
91
11
11
30
37
91
75
60
4 - Mugatu
5
54
22
222
10
3
23
10
78
30
91
21
48
30
14
7
10
1
33 - Bill Murray
22
152
15
3
218
7
17
7
3
97
56
279
184
23
77
87
22
23
117 - Forrest Gump
43
35
10
114
56
46
13
5
22
23
15
11
35
17
71
91
13
15
57
13
15
8
79 - Kermit the Frog
66
2
17
10
111
17
235 - Mugatu
7
5
7
43
281
32
8
90
237
3
101
38
101
43
22
256
76
20
5
5
15
7
77
134
295
15
23
126
5
15
94
10
278
13
111
23
50
56
3
15
6
3
54
232
56
61
10
8
15
89
121
96
23
52
96
7
23
5
57
49
91
72
17
56
48
31
134
95
23
5
35
8
98 - Obi Wan Kenobi
15
107 - Dave Chappelle
11
71
14
169
11
10
96
28
33 - Bill Murray
15
15
25
31
10
10
52
15
13
17
23
286
10
57
8
7
63
12
136
107 - Dave Chappelle
35
7
92
8
30
15
246
30
37
120
15
11
10
177
28
66
134
25
15
90
60
15
56
11
43
15
30
42
15
57
140
15
8
83
56
8
7
57
32
15
5
4 - Mugatu
56
7
101
7
94
8
5
15
46
30
35
72
5
56
255
17
83
10
22
153
43
217
35
14
43
56
10
41
0
124
23
36
24
152
30
10
10
23
31
26
7
237
19
10
15
15
33 - Bill Murray
23
12
10
59
7
97
243
157
35
31
286
5
15
30
160
23
10
13
13
10
110
31
3
162
131
30
5
202
25
158
151
17
10
10
189
30
224
151
47
10
15
52
8
53
112
76
5
7
10
144
50
203
15
103
66
5
10
13
15
66
6
42
7
204
69
10
85
83
30
11
33 - Bill Murray
15
10
210
57
35
7
265
15
7
5
96
220
130
5
96
15
129
15
149
60
90
5
101
10
23
31
49
26
99
18
26
33 - Bill Murray
10
149
48
35
35
5
0
15
5
73
287
123
15
10
71
8
35
15
42
232
172
10
30
21
15
17
108
21
66
218
15
17
207
52
38
43
7
5
7
146
30
15
69
5
97
85
23
289
7
8
35
88
54
157
59
85
25
170
16
98 - Obi Wan Kenobi
57
15
15
190 - Emperor Palpatine
213
71
174
138
264
90
57
7
25
57
21
0
252
110
23
4 - Mugatu
145
5
30
94
71
169
13
124
57
235
160
90
10
15
7
15
16
153
17
35
31
7
69
15
17
79 - Kermit the Frog
12
10
13
56
22
83
76
29
93
3
69
30
15
167
166
5
45
150
3
22
107 - Dave Chappelle
5
71
32
99
15
35
57
18
5
30
40
10
8
166
83
56
35
7
2
21
242
100
52
43
23
194
36
57
60
13
5
8
157
176
23
285
10
7
49
15
87
5
7
7
10
57
59
15
21
4 - Mugatu
42
60
60
238
97
10
0
242
211
146
15
10
296
85
95
106
0
35
21
43
132
8
191
249
103
19
5
64
10
10
5
7
273 - Maximus
91
15
105
7
7
90
184
7
15
3
33 - Bill Murray
15
15
34
274
228
14
10
42
10
17
5
15
71
30
0
8
8
23
72
7
49
7
198
15
267
7
107 - Dave Chappelle
255
5
23
15
8
200
5
13
60
12
124
7
56
10
30
220
15
15
99
7
57
10
3
31
90
31
23
91
123
30
57
25
46
56
37
26
8
155
191 - Maximus
30
15
212
5
13
42
7
5
69
15
7
7
10
300
52
7
7
60
8
43
59
10
23
4 - Mugatu
15
71
83
31
180
22
57
23
10
30
87
170
7
15
55
30
23
15
23
42
133
40
5
18
3
91
10
43
10
7
61
57
57
72
56
42
40
10
23
17
62
23
13
17
19
7
23
21
8
98 - Obi Wan Kenobi
26
52
7
7
7
6
73
10
34
209
153
30
147
31
14
15
1
19
7
15
87
94
32
91
111
23
5
0
154
2
15
185
130
288
2
193
15
35
45
23
10
42
15
52
10
15
15
10
96
119
5
5
132
12
17
26
213
15
15
18
254
0
23
8
256
7
100
99
43
10
10
35
101
91
57
234
13
21
17
55
34
29
224
19
5
19
5
42
10
207
93
7
220
23
22
6
166
90
251
42
14
216
23
88
15
32
30
91
56
10
42
91
57
160
13
87
30
30
15
8
43
24
10
13
11
15
125
7
7
226
239
8
10
59
5
23
10
68
52
10
66
180
37
101
5
15
32
33 - Bill Murray
42
248
2
134
154
21
42
32
4 - Mugatu
213
13
8
36
13
7
11
37
283
47
71
57
43
7
69
99
298
91
142
18
88
265
113
10
282
162
34
94
15
19
15
12
72
22
7
0
30
48
96
14
7
270
240
18
35
101
80
15
7
30
186
12
69
40
51
11
11
31
91
45
15
82
139
46
229
35
79 - Kermit the Frog
13
0
93
186
19
10
10
57
186
5
10
5
258
140
15
7
246
107 - Dave Chappelle
164 - Confused Gandalf
83
23
41
73
25
10
124
7
10
11
6
35
201
56
5
107 - Dave Chappelle
11
96
15
15
7
7
230
22
15
35
162
3
13
33 - Bill Murray
5
31
100
101
57
12
14
56
71
35
0
5
13
46
8
160
111
10
15
7
15
186
5
8
8
17
91
140
15
57
108
107 - Dave Chappelle
42
126
50
52
287
14
7
23
107 - Dave Chappelle
7
57
7
31
60
72
94
10
49
140
5
15
41
30
7
21
6
0
10
7
4 - Mugatu
7
32
98 - Obi Wan Kenobi
48
5
69
30
59
61
8
161
165
8
252
83
7
10
41
0
7
7
10
64
14
10
91
57
5
208
10
7
83
5
52
3
7
154
5
48
15
71
46
111
31
57
154
15
23
135
41
179
66
177
8
7
21
1
43
15
208
157
21
42
48
7
8
56
66
40
7
197
15
10
7
72
15
17
253
23
13
94
154
40
5
83
3
40
3
57
22
15
5
7
4 - Mugatu
42
5
25
0
8
25
52
83
24
23
42
42
22
10
43
78
5
33 - Bill Murray
108
7
7
23
15
59
57
36
42
8
60
1
74
36
21
10
135
22
13
88
10
107 - Dave Chappelle
10
181
42
10
56
31
158
35
31
15
80
46
21
37
251
36
10
39 - Syndrome
19
15
15
56
32
21
5
1
32
73
26
33 - Bill Murray
10
90
15
15
99
48
6
7
81
7
17
13
17
72
85
56
15
15
5
3
221
90
8
7
10
13
26
11
7
10
266
171
10
26
78
43
10
105
23
109
54
56
15
47
57
66
40
146
7
7
38
5
119
4 - Mugatu
10
35
35
9
13
60
35
78
263 - Blackjack Bender
13
186
17
210
10
278
30
0
5
46
21
32
56
63
10
10
10
3
31
10
104
52
10
15
134
15
83
17
15
57
40
21
17
196
46
15
14
8
40
169
10
7
5
10
16
43
10
5
240
72
87
8
73
120
57
57
54
7
17
32
107 - Dave Chappelle
119
23
83
17
44
56
56
14
90
73
57
15
302
221
17
14
15
8
10
229
66
10
33 - Bill Murray
15
57
173
294
4 - Mugatu
13
151
3
8
71
57
73
5
23
15
7
19
7
182
11
30
17
91
23
5
10
7
10
59
264
8
272
57
157
188
125
152
32
10
15
48
249
10
5
7
66
60
26
12
10
11
10
215
6
25
30
25
5
50
15
10
206
262
60
10
10
3
32
7
161
35
43
15
15
7
7
15
43
23
4 - Mugatu
7
0
59
10
101
18
105
6
25
15
5
86
10
66
60
8
15
15
8
19
56
10
57
10
63
5
0
33 - Bill Murray
10
10
57
8
225
35
8
57
25
56
166
4 - Mugatu
219
10
22
248
46
18
13
133
35
56
134
10
15
7
87
203
130
30
7
5
15
3
10
8
7
91
183
15
10
57
227
99
15
126
10
33 - Bill Murray
7
5
15
7
25
79 - Kermit the Frog
19
5
15
12
233
13
48
10
10
15
15
15
9
11
23
148
115
204
17
133
117 - Forrest Gump
234
5
57
15
32
83
0
78
15
73
32
7
72
21
226
97
11
217
54
155
17
57
10
56
91
26
35
3
54
7
57
0
15
135
90
12
5
91
91
15
282
154
64
5
7
7
175
140
7
43
52
3
19
7
10
66
126
22
35
10
17
241
48
57
101
13
4 - Mugatu
35
176
35
19
93
49
22
7
31
52
10
11
87
10
107 - Dave Chappelle
25
53
1
54
137
30
4 - Mugatu
101
10
23
7
90
35
3
55
15
3
91
3
10
19
95
66
10
56
60
30
5
59
80
83
87
7
52
15
13
69
5
15
11
201
7
10
3
81
32
58
15
7
5
23
8
178
23
10
10
23
8
153
99
7
15
22
30
31
83
7
31
155
85
7
59
52
94
22
54
154
66
7
48
79 - Kermit the Frog
15
164 - Confused Gandalf
57
0
244
173
15
87
15
21
126
35
300
95
19
7
17
73
31
0
15
63
166
43
52
15
93
15
65
13
10
21
23
19
60
91
7
8
13
10
8
35
10
13
30
10
51
8
167
24
7
57
134
10
5
15
6
60
145
15
14
25
272
13
31
78
5
56
15
32
66
50
15
0
25
12
10
207
117 - Forrest Gump
15
97
160
71
15
31
61
119
60
49
17
13
268
15
8
7
5
79 - Kermit the Frog
15
71
91
12
15
125
104
53
30
125
66
25
301
3
22
15
136
17
8
91
5
13
17
10
7
91
122
13
45
60
64
57
13
17
6
23
10
15
23
198
13
222
56
5
21
2
15
83
98 - Obi Wan Kenobi
10
13
10
17
8
43
91
43
10
35
13
21
66
10
18
17
8
7
32
18
23
100
7
99
57
5
240
32
31
98 - Obi Wan Kenobi
132
57
7
155
101
59
157
32
99
15
2
5
20
285
163
46
43
10
5
66
125
7
10
134
79 - Kermit the Frog
61
25
10
10
206
24
43
48
16
7
22
91
15
15
21
31
166
216
7
56
5
58
40
23
23
17
56
52
57
13
140
42
13
80
33 - Bill Murray
1
108
31
15
21
44
39 - Syndrome
13
7
101
5
125
7
7
32
41
5
275
83
36
91
15
91
256 - Xerxes
25
110
0
36
90
30
3
7
57
32
7
154
79 - Kermit the Frog
2
116 - Oprah
32
7
111
297
40
5
57
88
29
23
22
23
130
7
295
34
0
140
65
30
43
50
7
155
7
57
23
15
6
10
22
12
15
260
168
15
4 - Mugatu
5
10
130
35
33 - Bill Murray
16
38
12
117 - Forrest Gump
10
15
96
91
66
7
187
7
43
22
202
66
57
13
54
15
3
15
17
8
42
15
15
23
15
16
96
56
91
12
52
111
23
56
10
27
8
15
7
128
15
223
225
4 - Mugatu
7
56
15
10
292
57
15
52
59
32
10
43
7
4 - Mugatu
48
7
42
91
179
32
15
5
11
10
82
46
10
57
25
15
56
221
10
5
15
15
40
8
68
33 - Bill Murray
49
22
5
83
25
7
79 - Kermit the Frog
17
136
7
57
52
72
1
52
7
15
43
17
57
7
3
42
3
65
35
1
213
17
7
11
56
171
107 - Dave Chappelle
132
30
17
90
8
30
30
7
32
20
15
43
87
2
56
154
34
17
3
13
43
12
15
5
0
57
14
38
7
210
15
13
10
30
15
13
8
54
5
57
17
53
10
276
0
31
13
66
17
7
5
10
15
7
15
23
112
30
35
18
10
17
15
163
23
7
49
130
57
25
18
5
54
56
15
15
57
91
1
220
3
95
15
26
15
15
59
31
54
10
11
107 - Dave Chappelle
3
47
244
18
3
205
15
32
0
91
107 - Dave Chappelle
99
5
15
291
7
111
226
10
35
277
85
247
5
8
15
5
15
88
26
91
15
7
156
3
10
40
22
98 - Obi Wan Kenobi
25
57
151
23
5
10
57
19
101
50
43
42
67
235 - Mugatu
261
15
3
31
83
56
11
174
10
228
132
289
24
95
101
135
10
107 - Dave Chappelle
30
186
23
10
56
5
23
8
33 - Bill Murray
51
5
60
6
88
33 - Bill Murray
154
7
15
209
23
23
30
56
21
91
71
7
11
57
36
6
43
77
48
5
14
32
15
15
15
21
71
10
19
14
54
100
52
93
23
0
7
10
57
118
63
95
5
10
7
7
15
0
10
90
10
213
15
12
233
10
46
23
157
212
57
48
15
13
4 - Mugatu
23
107 - Dave Chappelle
8
143
15
26
15
134
7
5
15
74
30
125
5
21
10
41
7
5
5
13
153
11
238
13
19
60
3
26
60
42
15
15
86
15
15
30
23
22
7
253
101
17
3
213
3
5
13
7
46
236
5
30
8
33 - Bill Murray
8
294
80
10
91
13
7
151
10
3
18
40
42
7
23
193
23
57
25
108
7
13
5
31
94
155
10
12
80
56
12
7
7
107 - Dave Chappelle
10
15
79 - Kermit the Frog
5
22
7
61
7
16
15
7
7
7
30
193
15
7
5
16
274
219
7
267
7
15
35
15
7
117 - Forrest Gump
12
108
35
226
77
30
299
160
43
233
32
5
30
70 - Live Dangerously
134
50
87
97
41
23
96
83
108
142
17
11
7
5
15
68
91
48
15
5
166
56
216
23
175
145
10
26
137
7
5
6
11
23
23
35
57
10
91
91
6
123
203
56
22
52
178
0
47
10
7
8
15
10
102
15
99
43
134
190
10
49
95
15
10
215
30
8
56
23
43
7
30
7
90
101
134
42
31
7
26
23
35
30
15
35
17
97
57
101
108
15
301
79 - Kermit the Frog
44
35
22
15
0
237
57
15
101
31
15
250
23
15
7
117 - Forrest Gump
52
195
153
75
50
10
33 - Bill Murray
15
43
7
23
15
17
185
41
15
5
91
192
13
10
7
54
273
298
255
110
99
7
10
5
30
258
15
261
5
12
8
7
30
60
10
23
15
78
10
30
25
7
43
66
40
36
280
7
11
5
10
5
106
35
69
15
31
22
15
15
15
48
10
23
10
40
259
43
5
22
124
3
27
60
43
71
30
101
10
53
25
78
2
3
2
196
7
293
40
30
8
7
10
30
30
260
5
90
7
30
66
7
0
8
6
11
5
5
57
297
269
23
291
15
13
110
2
10
43
10
11
93
8
4 - Mugatu
43
31
66
14
1
10
43
7
46
30
76
7
17
7
15
11
15
30
69
36
17
101
18
63
135
140
87
91
61
110
35
15
157
73
94
13
7
10
23
43
7
101
91
185
72
2
0
15
0
31
101
101
43
36
0
10
136
8
23
65
71
57
101
15
61
5
127
7
95
124
18
147
15
148
15
243
7
7
6
15
10
10
35
51
263
8
96
10
280
10
15
46
94
18
1
8
71
23
21
15
10
63
59
35
23
3
31
60
288
236
30
133
76
10
23
97
30
15
54
84
290
52
72
5
281
10
257
5
15
10
12
15
40
25
40
7
136
5
11
3
15
15
83
277
42
47
15
15
159
7
7
127
10
40
5
25
19
30
34
91
71
22
43
23
31
15
50
15
11
10
11
43
7
7
45
4 - Mugatu
21
3
18
101
7
23
39 - Syndrome
23
43
16
21
43
38
14
36
7
10
78
10
5
18
8
48
5
10
56
15
12
5
17
63
17
98 - Obi Wan Kenobi
74
58
2
10
123
56
222
116 - Oprah
7
0
35
11
5
15
26
163
8
98 - Obi Wan Kenobi
98 - Obi Wan Kenobi
57
35
11
54
12
15
10
91
7
23
6
10
3
21
52
114
22
7
284 - Blackjack Bender
14
7
22
35
53
10
7
279
65
136
10
33 - Bill Murray
19
3
10
17
20
10
3
40
4 - Mugatu
54
57
194
18
15
47
17
15
24
210
221
10
10
241
271
8
23
10
10
24
59
15
165
169
31
114
10
111
151
35
23
0
7
99
23
10
32
24
7
15
23
66
230
5
15
56
18
208
56
23
141
7
92
45
7
7
156
88
7
10
8
117 - Forrest Gump
43
10
10
32
2
8
91
7
8
23
13
36
31
141
49
7
66
15
30
17
17
7
93
22
8
10
23
83
5
152
59
42
131
76
30
25
12
269
5
5
10
200
35
7
56
30
231 - Emperor Palpatine
40
5
21
30
7
10
8
56
15
15
7
15
5
42
5
129
22
13
26
15
15
50
7
10
4 - Mugatu
210
104
125
43
101
57
10
10
15
15
10
25
6
52
91
26
15
13
68
151
15
14
7
251
7
15
15
5
11
15
7
42
5
4 - Mugatu
11
67
35
43
8
35
10
10
3
40
233
96
31
5
140
15
51
15
3
266
10
135
21
7
23
153
23
12
15
10
199 - Louie CK
7
19
59
16
11
57
83
40
15
0
5
166
70 - Live Dangerously
8
17
15
18
126
10
130
15
15
134
43
31
15
8
121
138
80
15
99
17
30
15
14
7
58
15
52
32
135
13
5
10
33 - Bill Murray
23
245
38
114
259
63
62
19
45
8
23
36
7
30
28
13
63
7
33 - Bill Murray
19
19
11
172
227
30
83
15
7
83
15
117 - Forrest Gump
136
3
19
13
57
52
296
8
14
66
17
96
15
26
73
42
10
211
231
270
35
1
28
59
132
3
57
0
12
83
15
23
10
30
17
7
5
10
34
159
42
79 - Kermit the Frog
35
15
23
39 - Syndrome
193
30
15
38
10
73
3
15
15
56
21
32
4 - Mugatu
15
7
51
16
25
15
43
22
7
155
7
60
7
27
114
101
41
11
7
15
5
19
257
239
134
132
12
37
96
98 - Obi Wan Kenobi
7
21
15
65
7
10
35
3
7
32
15
223
23
3
32
128
15
16
21
4 - Mugatu
71
43
108
68
21
15
123
42
57
23
161 - Xerxes
15
254
15
7
79 - Kermit the Frog
15
271
5
35
179
7
15
10
10
17
245
6
19
6
151
8
17
5
199
21
11
59
7
15
21
15
10
15
87
5
42
25
45
56
10
15
11
57
262
157
99
35
5
15
10
197
5
30
57
49
91
51
15
177
60
0
10
10
15
5
19
18
8
23
283
88
57
4 - Mugatu
10
3
18
43
21
21
76
15
150
8
56
38
132
19
155
213
5
40
85
21
135
66
4 - Mugatu
15
0
5
10
56
7
7
7
10
5
23
97
220
111
10
80
136
19
11
36
66
15
68
31
130
35
5
15
41
26
30
8
14
33 - Bill Murray
10
23
31
8
11
200
7
73
13
182
15
5
16
7
15
4 - Mugatu
131
181
35
15
11
25
11
64
63
12
43
118
8
119
15
15
30
46
99
11
7
23
31
36
60
5
10
60
15
10
186
113
7
19
41
11
23
38
71
43
5
7
71
91
18
107 - Dave Chappelle
46
181
23
23
7
15
155
5
21
7
99
187
110
140
23
3
54
71
109
57
195
7
11
5
52
140
99
22
122
16
8
72
11
222
0
0
66
38
15
15
17
18
13
31
81
7
7
7
168
7
140
15
30
89
7
3
8
15
107 - Dave Chappelle
45
15
11
108
15
35
284
123
52
40
56
15
7
130
96
15
56
10
64
6
23
8
5
10
43
33 - Bill Murray
13
43
19
91
17
30
15
5
32
15
292
