0
1
2
3
4
5
6
4
7
8
9
10
11
1
8
12
13
14
15
15
8
16
17
5
18
19
5
5
20
21
5
22
21
14
4
14
13
8
23
14
14
24
14
22
25
26
8
9
12
27
2
28
29
30
31
32
33
4
31
34
5
35
36
37
16
29
14
38
2
3
39
40
14
32
14
11
41
41
5
41
42
14
5
29
43
42
5
5
32
44
44
14
5
45
34
34
34
14
14
46
47
9
39
48
5
14
11
49
20
4
17
8
50
40
10
16
32
4
16
51
52
53
53
2
24
54
55
4
56
29
8
29
24
57
58
14
57
59
59
24
60
0
61
62
31
31
20
30
63
64
0
59
60
65
5
2
21
4
66
37
42
41
2
14
64
1
18
16
67
16
22
14
45
20
14
14
8
16
16
68
69
17
55
42
42
65
42
42
68
70
0
15
41
14
29
51
71
33
55
14
40
16
72
2
14
73
1
1
1
14
42
0
74
29
11
5
0
14
9
21
5
75
75
76
14
5
68
68
29
77
4
4
18
4
10
14
5
39
14
18
2
4
14
42
18
13
16
65
5
10
2
14
29
41
11
50
5
14
13
18
14
60
4
32
70
65
30
50
50
70
24
78
2
77
42
42
42
2
34
14
2
21
8
8
5
11
5
2
22
79
14
0
80
13
1
1
18
72
24
25
25
41
29
34
14
9
6
5
81
14
14
14
14
5
8
10
29
82
72
72
2
4
4
83
84
41
22
68
68
14
22
22
85
34
2
8
14
4
14
11
0
14
2
29
4
65
45
5
11
11
0
84
8
75
4
86
17
14
14
8
14
8
8
5
20
8
14
8
14
14
1
14
32
5
12
4
8
2
11
17
16
18
34
87
88
65
13
1
16
30
12
62
65
70
89
90
18
16
18
91
2
5
5
53
9
5
8
5
5
92
42
0
65
52
5
93
4
14
12
94
18
79
4
18
21
34
34
16
95
15
96
56
4
18
65
1
97
14
47
21
47
8
2
98
99
99
99
100
16
44
2
9
10
8
9
12
51
22
22
2
29
0
9
15
5
5
5
32
55
39
76
101
42
45
2
2
2
25
29
89
4
65
35
25
25
39
3
3
75
14
102
95
16
86
4
4
103
103
2
14
34
104
9
86
8
20
64
11
29
29
4
105
5
5
5
59
31
31
20
106
37
107
18
14
16
2
5
4
36
18
8
18
14
71
20
21
108
14
109
2
14
0
29
29
5
5
67
4
82
110
56
90
22
8
77
98
107
13
67
24
47
111
112
113
95
6
4
4
65
4
11
4
9
9
18
14
16
14
109
6
6
55
6
6
8
89
5
30
30
30
12
18
14
114
16
5
5
20
14
49
65
21
16
18
2
24
22
2
16
8
55
115
8
34
62
21
77
37
3
8
116
117
96
8
8
8
79
14
118
72
98
106
106
106
106
11
31
119
18
4
4
4
14
14
14
14
14
95
95
94
40
52
18
93
2
39
39
8
26
34
53
24
2
14
4
4
14
22
22
46
22
4
14
21
39
14
14
14
14
2
23
14
120
48
39
0
2
25
121
0
122
122
123
2
106
65
22
20
42
55
113
4
109
124
4
125
4
3
16
90
4
41
2
109
56
56
30
29
126
11
8
8
2
22
29
3
4
4
21
18
22
6
14
42
42
16
14
14
41
9
9
8
8
14
127
34
4
4
65
77
22
4
12
56
56
12
12
4
2
14
22
0
19
128
20
129
18
130
126
131
11
8
8
32
29
24
14
4
18
22
48
16
14
18
47
14
47
14
80
16
2
110
47
16
3
22
56
38
11
11
56
14
1
9
72
56
130
130
25
14
22
41
55
132
18
133
56
134
134
16
13
11
8
24
14
4
22
135
8
21
136
1
22
22
10
14
41
47
12
21
113
65
13
14
2
137
59
138
9
139
90
14
9
9
9
140
16
4
16
56
56
22
116
11
18
29
29
14
14
12
56
8
93
10
56
4
11
11
9
100
100
8
8
48
18
133
11
33
29
141
97
51
51
14
14
17
41
20
55
142
8
8
14
65
143
4
8
14
109
22
44
56
16
2
2
42
42
144
145
41
9
9
48
48
98
32
5
10
11
11
22
42
14
14
14
8
8
146
146
16
60
132
4
93
8
136
0
18
14
27
12
2
90
14
130
45
2
147
136
14
47
47
136
110
4
148
16
71
16
41
4
16
47
23
82
70
2
4
20
18
16
149
0
2
14
150
0
18
151
152
11
8
14
9
33
14
45
5
92
11
59
2
153
29
14
59
154
22
8
155
151
33
56
156
14
22
71
29
157
153
65
8
156
53
158
8
78
31
29
8
14
98
159
58
160
14
156
29
161
90
15
22
90
14
162
31
31
22
14
163
4
29
29
58
58
2
84
4
31
152
14
98
4
100
0
39
29
29
42
22
14
14
2
14
164
160
8
84
4
8
10
2
152
29
165
165
22
8
151
22
4
8
8
31
8
22
58
166
14
22
8
157
8
42
8
42
2
8
29
15
106
58
153
162
160
8
152
71
4
14
90
2
30
14
56
59
167
31
22
14
152
30
2
154
46
22
8
155
29
42
0
8
29
39
157
8
160
107
59
39
163
22
4
59
78
155
22
31
42
3
17
157
2
0
65
13
163
0
65
90
29
154
39
134
100
3
134
4
154
151
8
164
107
100
59
4
0
160
31
4
42
65
167
157
10
152
4
22
8
78
29
168
4
30
169
22
30
14
2
29
30
56
164
170
46
2
31
78
164
8
17
4
100
2
90
159
30
4
14
171
169
2
154
22
56
4
100
14
14
33
154
10
58
71
14
47
47
151
14
71
90
78
14
153
161
4
29
10
42
47
8
29
29
22
90
56
14
8
161
8
14
153
10
65
158
100
4
134
29
53
90
156
106
152
160
47
56
100
169
31
22
167
165
164
33
8
47
165
4
158
93
39
163
14
172
157
8
154
164
4
0
155
65
8
8
134
2
84
22
33
11
34
155
160
8
171
2
53
11
2
47
29
29
13
93
134
8
65
100
78
14
151
13
33
161
2
8
22
8
84
163
4
2
31
29
90
29
167
4
30
173
152
163
163
171
11
100
29
160
155
4
2
160
14
39
160
22
167
2
153
8
8
22
42
107
4
58
30
22
3
29
155
98
156
3
14
153
2
162
4
4
14
2
8
162
93
22
2
8
42
4
14
22
100
98
170
29
152
174
164
14
22
172
39
154
56
153
155
29
2
156
22
17
2
56
162
8
29
56
170
165
160
163
153
162
13
8
22
163
56
14
151
14
22
17
14
163
164
14
29
17
174
14
164
33
4
151
14
3
30
14
14
10
164
53
14
14
152
42
161
33
162
162
13
34
84
170
34
46
171
3
152
175
8
2
56
158
10
39
30
31
29
134
14
170
134
93
159
170
56
17
56
167
10
46
152
56
8
13
8
169
107
173
152
154
2
8
4
2
155
160
159
56
170
164
14
30
29
172
65
84
159
174
121
84
134
2
3
155
160
134
134
163
2
58
165
165
17
163
8
56
17
84
160
58
167
134
134
134
171
134
29
84
158
30
14
14
59
107
8
158
13
171
154
14
14
2
65
42
152
162
42
53
2
10
2
121
47
152
106
14
154
53
14
2
156
22
0
8
160
13
2
8
151
8
158
8
159
160
172
59
170
39
47
158
2
13
8
167
46
8
172
29
10
14
4
58
14
0
46
22
175
59
34
160
152
174
65
14
33
107
4
14
167
162
84
29
56
152
134
162
152
172
8
4
8
29
65
4
56
158
22
29
22
165
14
155
58
14
2
56
22
160
22
39
22
165
134
121
163
4
173
84
159
2
47
53
29
4
176
33
156
162
22
162
93
14
8
31
175
174
17
165
106
25
14
134
4
4
165
125
159
8
33
175
29
47
4
30
151
10
8
163
165
121
14
56
58
4
163
2
151
14
163
98
134
0
107
3
170
14
8
56
22
158
3
10
14
156
159
158
8
93
22
158
8
158
14
175
165
22
8
8
10
162
34
8
22
162
4
65
160
121
173
22
29
59
4
134
10
0
8
106
8
14
22
22
3
158
13
46
14
172
30
176
53
22
29
163
70
154
14
0
14
84
14
17
8
30
14
34
77
8
14
46
125
29
65
134
56
53
65
167
14
121
56
77
159
172
152
22
56
70
30
163
14
14
171
14
25
30
134
8
163
29
2
46
8
134
107
160
156
29
165
84
175
174
59
134
171
29
155
14
29
22
170
98
65
14
56
70
134
65
100
78
65
8
0
70
56
173
56
30
58
0
46
93
154
8
59
59
22
30
65
65
98
14
98
14
154
8
159
29
98
98
3
8
170
134
31
82
70
47
98
0
159
158
22
14
171
159
65
173
56
22
158
134
155
134
134
172
0
22
22
134
65
151
151
8
98
159
78
3
172
172
29
2
134
30
17
98
22
59
56
177
158
30
134
30
98
34
53
90
97
4
178
22
34
2
0
30
59
14
8
4
2
56
8
90
46
14
31
70
8
179
77
8
180
4
78
30
100
31
89
14
89
2
56
47
34
56
71
56
30
71
181
3
160
2
106
24
177
3
29
182
14
34
183
14
22
183
2
184
30
140
22
185
186
87
65
55
56
70
8
179
77
8
180
22
22
58
187
20
140
2
4
10
22
176
10
4
31
22
4
84
188
189
190
4
56
8
17
4
82
5
41
191
177
90
4
11
8
65
10
58
56
56
8
192
45
134
65
14
94
14
193
58
59
14
14
0
65
4
140
8
14
94
46
14
2
21
14
2
14
14
163
194
125
14
193
8
22
46
2
45
71
58
47
8
42
51
11
77
59
25
14
24
65
195
4
8
34
158
196
197
53
58
4
34
100
13
47
176
110
71
4
2
0
30
59
14
8
31
42
8
58
198
39
10
4
8
14
5
199
14
13
89
98
168
2
2
200
98
62
159
2
0
30
59
14
8
125
125
56
82
201
14
14
4
0
22
202
203
4
1
4
30
22
204
14
2
8
2
134
205
206
4
3
0
2
29
8
14
55
55
90
207
8
134
14
94
14
193
58
59
205
134
205
206
4
3
0
206
14
208
90
8
58
34
4
134
25
56
97
84
186
3
29
8
14
55
55
90
0
2
56
8
90
46
14
132
14
209
210
34
8
8
4
14
70
8
179
77
8
180
211
14
14
211
22
212
8
22
8
30
213
4
214
100
212
22
29
53
134
45
89
8
29
53
57
188
8
215
176
8
22
34
160
30
11
110
119
56
31
216
8
82
57
78
82
190
217
51
218
219
58
172
21
14
10
55
34
100
5
30
4
35
98
8
220
5
30
4
35
98
8
2
209
8
8
25
14
56
5
210
78
30
100
31
89
14
34
125
56
82
201
14
14
8
98
56
4
14
8
62
8
8
30
213
4
214
100
4
47
96
4
8
22
8
221
35
63
94
49
8
100
8
55
93
8
152
8
11
2
4
14
58
151
8
70
89
222
94
223
31
14
97
37
224
8
225
160
4
226
4
14
34
8
4
29
82
14
59
132
56
58
29
227
201
55
29
0
22
202
203
4
1
8
32
228
229
4
8
209
163
10
56
13
56
14
22
22
47
8
42
51
11
77
230
30
207
162
1
98
94
162
189
4
29
2
39
100
4
4
22
121
56
0
9
45
56
29
56
31
216
8
82
57
8
56
58
29
227
201
55
58
10
78
229
92
4
231
2
10
232
233
90
2
234
58
42
10
235
236
237
8
4
8
14
132
238
39
30
2
58
4
22
29
8
58
2
198
98
90
29
8
14
90
39
10
31
65
65
30
24
10
8
82
239
14
89
31
31
29
14
14
8
4
47
14
97
55
14
44
11
8
8
8
30
207
162
1
98
94
55
59
22
39
14
22
86
100
14
8
59
8
2
110
31
55
14
44
11
8
8
65
8
10
56
13
56
14
22
225
11
4
240
8
40
241
160
98
90
29
8
14
90
4
242
242
90
30
45
47
226
4
26
56
35
8
25
4
10
56
13
56
14
22
53
8
42
8
58
198
39
10
94
14
14
177
58
8
116
56
8
8
25
14
56
5
45
209
210
34
8
8
4
21
34
8
4
29
82
14
30
32
228
229
4
8
209
8
8
30
22
40
56
4
8
56
123
34
42
243
29
22
135
100
22
4
106
244
245
34
82
190
217
51
218
219
246
247
8
248
249
22
250
89
98
56
29
56
251
77
1
14
162
0
252
55
29
4
53
31
21
253
90
210
14
55
134
8
8
25
14
56
5
254
125
255
110
99
4
14
256
8
8
4
58
65
4
163
4
22
29
8
58
2
132
4
29
2
39
100
4
4
26
13
22
94
22
93
23
56
163
8
2
14
163
95
35
117
44
216
100
119
125
8
56
8
223
10
14
62
25
14
58
151
8
70
89
238
8
29
2
39
100
4
4
94
10
232
233
90
2
234
56
125
255
110
99
4
14
45
2
58
53
46
14
29
21
247
8
248
249
22
250
30
160
257
117
14
2
55
39
10
258
4
8
8
22
134
31
132
78
55
8
3
0
65
45
62
176
71
14
4
65
10
31
65
65
30
24
30
4
56
4
259
4
10
24
10
232
233
90
2
234
30
260
34
8
4
29
82
14
59
15
21
8
15
2
4
11
260
59
11
56
22
2
56
10
31
65
65
30
24
22
62
106
56
239
65
29
2
8
30
56
31
13
89
2
71
45
15
2
8
67
30
8
35
242
261
13
247
167
177
135
4
8
8
2
31
34
63
94
49
8
100
8
55
262
55
51
151
29
58
8
263
100
4
8
264
8
98
14
2
208
13
34
90
30
34
22
14
14
26
29
14
107
265
13
22
94
22
93
23
59
8
30
56
31
13
89
266
94
223
31
14
97
37
11
267
22
268
65
56
100
58
123
8
8
269
14
4
2
34
117
44
216
100
119
125
42
14
8
24
161
14
14
243
123
4
117
8
132
29
29
0
163
65
42
3
270
22
8
14
56
65
14
22
151
62
36
4
35
21
269
14
4
35
8
271
155
94
35
10
106
14
222
17
8
22
272
134
8
22
10
0
56
273
274
4
34
58
30
90
275
0
163
65
42
3
270
8
35
106
14
222
17
8
22
8
8
160
165
14
117
276
271
8
3
40
190
177
277
155
30
278
245
34
279
14
94
8
160
165
14
117
276
35
10
95
78
8
8
224
70
4
71
8
177
34
55
8
200
4
41
41
4
280
177
4
35
8
271
155
94
35
8
4
22
29
8
58
2
30
45
62
176
71
14
4
56
8
14
56
65
14
22
89
10
4
4
281
55
282
55
95
3
58
279
14
2
78
31
31
14
14
14
29
8
63
4
37
90
42
4
8
2
71
8
14
283
284
224
123
34
42
243
29
22
94
8
9
62
4
10
272
273
275
285
14
174
30
9
51
8
14
8
3
40
190
177
277
4
14
14
8
4
47
14
3
29
4
39
204
98
89
286
239
117
14
51
287
51
160
3
117
107
0
5
268
89
95
288
31
267
222
58
204
8
3
40
190
177
277
201
258
4
8
8
22
134
8
9
285
14
4
3
286
113
289
8
290
70
65
8
165
45
24
291
4
236
132
58
15
2
58
53
46
14
29
2
123
34
42
243
29
22
8
292
289
4
100
93
8
67
14
36
8
293
49
59
30
58
38
14
23
59
13
14
71
2
11
4
190
55
263
8
239
117
14
51
287
51
177
289
8
290
70
65
8
34
71
8
177
34
55
8
55
208
30
207
8
56
8
8
4
51
3
28
14
294
117
4
4
4
281
55
282
55
53
2
11
4
190
55
263
4
4
4
281
55
282
55
8
23
14
2
295
177
31
4
262
55
51
151
29
58
4
13
22
94
22
93
23
276
71
267
22
268
65
56
100
8
296
29
5
39
6
8
177
9
189
297
29
29
30
34
23
14
2
295
177
31
55
14
56
298
42
65
134
8
2
58
53
46
14
29
25
71
14
2
14
20
299
239
4
11
11
152
10
8
100
90
4
4
14
58
8
25
22
44
190
14
8
24
161
14
14
55
300
24
70
169
4
4
263
117
107
0
5
268
89
8
267
4
163
8
8
4
23
22
263
100
4
8
264
8
268
3
96
56
123
56
29
65
14
56
56
34
30
21
56
4
22
94
134
8
29
100
62
106
56
239
65
29
24
239
288
31
267
222
58
117
4
301
22
230
163
107
14
117
107
0
5
268
89
51
5
5
65
280
82
98
287
9
189
297
29
29
30
51
8
14
3
4
15
82
161
24
8
71
8
8
302
